PWM_1_1	1.000000
A	2.363791	0.170846	5.593710	0.910327	0.944326	0.774331	1.335317	1.054824	0.995325	
C	0.017850	0.000850	0.791330	0.060348	0.264343	0.570336	0.281343	0.255844	0.000850	
D	0.000850	0.017850	0.119847	3.706758	0.604335	0.476838	1.522312	0.153846	0.000850	
E	0.111347	0.000850	0.128347	5.100723	1.012325	1.190820	2.941777	2.074798	0.000850	
F	1.913302	0.043349	0.995325	0.170846	1.156821	0.476838	0.383340	0.740332	0.051849	
G	1.003825	0.009350	0.536336	1.182320	0.714832	0.332342	0.085848	0.689333	0.009350	
H	0.638334	0.000850	0.850829	0.527837	1.360816	0.442839	2.219295	1.114322	0.000850	
I	1.114322	0.935827	0.842329	0.145346	2.525287	2.967276	0.646834	0.145346	1.258818	
K	1.981301	0.026349	1.063323	1.054824	1.802805	0.442839	0.706332	2.763281	0.017850	
L	1.641309	16.133447	0.119847	0.238844	2.797280	3.154271	0.374841	1.207820	13.609010	
M	0.374841	1.403315	0.536337	0.077348	0.374841	0.179346	0.187845	0.298343	0.442839	
N	0.451339	0.009350	1.641309	0.893328	0.578836	1.199320	1.394815	1.241819	0.000850	
P	0.017849	0.000850	0.468338	1.709307	0.128347	0.502337	0.646834	0.102847	0.000850	
Q	0.536337	0.204845	0.425839	0.859329	0.842329	1.131322	2.091798	1.998300	0.000850	
R	1.114322	0.000850	0.281343	0.400340	0.774331	0.434339	0.570336	2.159796	0.009350	
S	2.525287	0.043349	4.055249	1.649809	0.833829	0.910327	1.207820	1.241819	0.000850	
T	1.063323	0.349341	0.536336	0.757331	0.680833	1.437314	1.241819	1.292818	0.017850	
V	1.216320	0.629834	0.391840	0.323842	1.785805	2.848279	1.131322	0.459839	3.579261	
W	0.060348	0.000850	0.026349	0.111347	0.077348	0.051849	0.272843	0.017850	0.000850	
Y	1.853804	0.017850	0.595835	0.119847	0.740332	0.476838	0.757331	0.986825	0.000850	
