A	11.000000	0.000000	12.000000	1.000000	5.000000	2.000000	2.000000	3.000000	1.000000	6.000000	4.000000	3.000000	6.000000	
C	0.000000	0.000000	0.000000	0.000000	0.000000	0.000000	0.000000	0.000000	1.000000	0.000000	1.000000	0.000000	0.000000	
D	0.000000	0.000000	0.000000	16.000000	3.000000	6.000000	5.000000	0.000000	1.000000	1.000000	3.000000	1.000000	0.000000	
E	0.000000	0.000000	0.000000	4.000000	4.000000	5.000000	2.000000	1.000000	4.000000	1.000000	1.000000	3.000000	0.000000	
F	1.000000	0.000000	10.000000	0.000000	1.000000	0.000000	0.000000	1.000000	1.000000	0.000000	1.000000	1.000000	1.000000	
G	3.000000	0.000000	0.000000	2.000000	3.000000	2.000000	3.000000	3.000000	6.000000	3.000000	0.000000	0.000000	0.000000	
H	2.000000	0.000000	0.000000	0.000000	0.000000	0.000000	0.000000	0.000000	2.000000	2.000000	1.000000	2.000000	0.000000	
I	1.000000	1.000000	0.000000	1.000000	1.000000	2.000000	1.000000	2.000000	1.000000	3.000000	2.000000	0.000000	0.000000	
K	5.000000	0.000000	0.000000	0.000000	1.000000	4.000000	2.000000	1.000000	1.000000	5.000000	0.000000	3.000000	0.000000	
L	1.000000	27.000000	0.000000	0.000000	1.000000	1.000000	4.000000	2.000000	3.000000	3.000000	1.000000	3.000000	21.000000	
M	0.000000	2.000000	0.000000	0.000000	1.000000	0.000000	1.000000	0.000000	0.000000	0.000000	2.000000	1.000000	1.000000	
N	0.000000	0.000000	1.000000	1.000000	1.000000	0.000000	2.000000	2.000000	2.000000	0.000000	1.000000	2.000000	0.000000	
P	0.000000	0.000000	0.000000	2.000000	4.000000	4.000000	0.000000	2.000000	1.000000	1.000000	1.000000	1.000000	0.000000	
Q	1.000000	0.000000	0.000000	1.000000	0.000000	1.000000	0.000000	1.000000	1.000000	0.000000	2.000000	2.000000	0.000000	
R	0.000000	0.000000	0.000000	0.000000	1.000000	1.000000	2.000000	1.000000	2.000000	1.000000	1.000000	2.000000	0.000000	
S	2.000000	0.000000	1.000000	2.000000	0.000000	3.000000	2.000000	4.000000	1.000000	1.000000	2.000000	2.000000	0.000000	
T	0.000000	1.000000	0.000000	1.000000	0.000000	0.000000	2.000000	5.000000	1.000000	2.000000	6.000000	2.000000	0.000000	
V	0.000000	0.000000	1.000000	0.000000	2.000000	0.000000	3.000000	3.000000	2.000000	2.000000	2.000000	2.000000	1.000000	
W	1.000000	0.000000	1.000000	0.000000	0.000000	0.000000	0.000000	0.000000	0.000000	0.000000	0.000000	0.000000	0.000000	
Y	3.000000	0.000000	5.000000	0.000000	3.000000	0.000000	0.000000	0.000000	0.000000	0.000000	0.000000	1.000000	1.000000	
