A	16.000000	1.000000	27.000000	0.000000	4.000000	4.000000	6.000000	8.000000	4.000000	13.000000	8.000000	11.000000	
C	0.000000	0.000000	0.000000	0.000000	1.000000	1.000000	0.000000	2.000000	0.000000	1.000000	1.000000	0.000000	
D	0.000000	0.000000	0.000000	24.000000	5.000000	11.000000	8.000000	5.000000	6.000000	5.000000	0.000000	1.000000	
E	0.000000	0.000000	1.000000	18.000000	14.000000	7.000000	5.000000	11.000000	5.000000	4.000000	5.000000	1.000000	
F	9.000000	0.000000	21.000000	0.000000	1.000000	1.000000	0.000000	1.000000	1.000000	2.000000	4.000000	2.000000	
G	4.000000	0.000000	0.000000	7.000000	8.000000	8.000000	8.000000	9.000000	6.000000	3.000000	5.000000	0.000000	
H	2.000000	0.000000	0.000000	0.000000	2.000000	5.000000	2.000000	3.000000	1.000000	6.000000	5.000000	0.000000	
I	5.000000	2.000000	4.000000	0.000000	7.000000	4.000000	4.000000	3.000000	5.000000	3.000000	0.000000	3.000000	
K	9.000000	0.000000	2.000000	1.000000	0.000000	8.000000	4.000000	4.000000	9.000000	0.000000	6.000000	0.000000	
L	2.000000	69.000000	2.000000	0.000000	7.000000	4.000000	7.000000	4.000000	6.000000	1.000000	7.000000	53.000000	
M	0.000000	4.000000	3.000000	0.000000	3.000000	1.000000	0.000000	0.000000	1.000000	0.000000	0.000000	2.000000	
N	0.000000	0.000000	1.000000	4.000000	1.000000	1.000000	2.000000	4.000000	6.000000	8.000000	4.000000	0.000000	
P	0.000000	0.000000	1.000000	13.000000	6.000000	4.000000	3.000000	1.000000	7.000000	2.000000	0.000000	0.000000	
Q	1.000000	0.000000	2.000000	4.000000	4.000000	4.000000	3.000000	3.000000	3.000000	9.000000	9.000000	0.000000	
R	5.000000	0.000000	1.000000	0.000000	0.000000	2.000000	4.000000	4.000000	4.000000	2.000000	7.000000	0.000000	
S	9.000000	0.000000	1.000000	5.000000	7.000000	8.000000	6.000000	7.000000	6.000000	4.000000	4.000000	0.000000	
T	5.000000	0.000000	1.000000	2.000000	2.000000	3.000000	7.000000	3.000000	2.000000	3.000000	7.000000	0.000000	
V	2.000000	2.000000	5.000000	1.000000	6.000000	2.000000	8.000000	6.000000	5.000000	7.000000	1.000000	5.000000	
W	0.000000	0.000000	0.000000	0.000000	0.000000	0.000000	1.000000	0.000000	1.000000	0.000000	0.000000	1.000000	
Y	10.000000	1.000000	7.000000	0.000000	1.000000	1.000000	1.000000	1.000000	1.000000	6.000000	6.000000	0.000000	
