A	278.000000	20.000000	658.000000	107.000000	111.000000	91.000000	157.000000	124.000000	117.000000	
C	2.000000	0.000000	93.000000	7.000000	31.000000	67.000000	33.000000	30.000000	0.000000	
D	0.000000	2.000000	14.000000	436.000000	71.000000	56.000000	179.000000	18.000000	0.000000	
E	13.000000	0.000000	15.000000	600.000000	119.000000	140.000000	346.000000	244.000000	0.000000	
F	225.000000	5.000000	117.000000	20.000000	136.000000	56.000000	45.000000	87.000000	6.000000	
G	118.000000	1.000000	63.000000	139.000000	84.000000	39.000000	10.000000	81.000000	1.000000	
H	75.000000	0.000000	100.000000	62.000000	160.000000	52.000000	261.000000	131.000000	0.000000	
I	131.000000	110.000000	99.000000	17.000000	297.000000	349.000000	76.000000	17.000000	148.000000	
K	233.000000	3.000000	125.000000	124.000000	212.000000	52.000000	83.000000	325.000000	2.000000	
L	193.000000	1898.000000	14.000000	28.000000	329.000000	371.000000	44.000000	142.000000	1601.000000	
M	44.000000	165.000000	63.000000	9.000000	44.000000	21.000000	22.000000	35.000000	52.000000	
N	53.000000	1.000000	193.000000	105.000000	68.000000	141.000000	164.000000	146.000000	0.000000	
P	2.000000	0.000000	55.000000	201.000000	15.000000	59.000000	76.000000	12.000000	0.000000	
Q	63.000000	24.000000	50.000000	101.000000	99.000000	133.000000	246.000000	235.000000	0.000000	
R	131.000000	0.000000	33.000000	47.000000	91.000000	51.000000	67.000000	254.000000	1.000000	
S	297.000000	5.000000	477.000000	194.000000	98.000000	107.000000	142.000000	146.000000	0.000000	
T	125.000000	41.000000	63.000000	89.000000	80.000000	169.000000	146.000000	152.000000	2.000000	
V	143.000000	74.000000	46.000000	38.000000	210.000000	335.000000	133.000000	54.000000	421.000000	
W	7.000000	0.000000	3.000000	13.000000	9.000000	6.000000	32.000000	2.000000	0.000000	
Y	218.000000	2.000000	70.000000	14.000000	87.000000	56.000000	89.000000	116.000000	0.000000	
